property_id  resolved_orders  eligible_resolved_orders  compliant_orders  noncompliant_orders  excluded_unresolved_orders  included_missing_response_orders  excluded_missing_response_orders    sla_compliance_rate
       P001               85                        85                30                   55                          26                                 0                                 0 0.35294117647058823529
       P002              100                       100                46                   54                          25                                 0                                 0 0.46000000000000000000
       P003              101                       101                35                   66                          14                                 0                                 0 0.34653465346534653465
       P004               96                        96                37                   59                          19                                 0                                 0 0.38541666666666666667
       P005              104                       104                37                   67                          24                                 0                                 0 0.35576923076923076923
       P006              107                       107                35                   72                          34                                 0                                 0 0.32710280373831775701
       P007              111                       111                36                   75                          15                                 0                                 0 0.32432432432432432432
       P008               98                        98                36                   62                          27                                 0                                 0 0.36734693877551020408
       P009              105                       105                33                   72                          30                                 0                                 0 0.31428571428571428571
       P010              104                       104                38                   66                          28                                 0                                 0 0.36538461538461538462
       P011               97                        97                30                   67                          28                                 0                                 0 0.30927835051546391753
       P012               96                        96                35                   61                          24                                 0                                 0 0.36458333333333333333
